# Body pose sequence format version 1.0 defined by cnoid-Robotics

type: PoseSeq
name: "PoseSeq"
targetBody: "KHR-3HV"
refs: 
  - 
    time: 0
    refer: 
      type: Pose
      name: ""
      joints: [ 
        8, 9, 10, 11, 12, 13, 14, 15, 16, 17, 
        18, 19 ]
      q: [ 
        -5.63714107e-08, -1.49300484e-05, -8.65325562e-07, -2.23374521e-05, -8.69330935e-07, -1.4992846e-05, 5.05989133e-08, -7.65207576e-06, 8.44903333e-07, -5.20092882e-06, 
        8.27322779e-07, -7.58511409e-06 ]
      ikLinks: 
        - 
          name: Lankle_to_Lfoot
          index: 13
          translation: [ 0.000171035192, 0.0300084189, 0.0484101303 ]
          rotation: [ 
            0.999986026, 0.00528492746, 0.000131171966, 
            -0.0052849308, 0.999986034, 2.51275462e-05, 
            -0.000131037337, -2.58204298e-05, 0.999999991 ]
        - 
          name: Rankle_to_Rfoot
          index: 19
          translation: [ -0.000147562207, -0.0299892549, 0.0484095331 ]
          rotation: [ 
            0.999986024, 0.00528482243, 0.000151637471, 
            -0.00528482406, 0.999986035, 1.03334759e-05, 
            -0.000151580743, -1.11347088e-05, 0.999999988 ]
  - 
    time: 1.00833333
    refer: 
      type: Pose
      name: ""
      joints: [ 
        8, 9, 10, 11, 12, 13, 14, 15, 16, 17, 
        18, 19 ]
      q: [ 
        -5.63714107e-08, -1.49300484e-05, -8.65325562e-07, -2.23374521e-05, -8.69330935e-07, -1.4992846e-05, 5.05989133e-08, -7.65207576e-06, 8.44903333e-07, -5.20092882e-06, 
        8.27322779e-07, -7.58511409e-06 ]
      ikLinks: 
        - 
          name: Lankle_to_Lfoot
          index: 13
          translation: [ 0.000171035192, 0.0300084189, 0.0484101303 ]
          rotation: [ 
            0.999986026, 0.00528492746, 0.000131171966, 
            -0.0052849308, 0.999986034, 2.51275462e-05, 
            -0.000131037337, -2.58204298e-05, 0.999999991 ]
        - 
          name: Rankle_to_Rfoot
          index: 19
          translation: [ -0.000147562207, -0.0299892549, 0.0484095331 ]
          rotation: [ 
            0.999986024, 0.00528482243, 0.000151637471, 
            -0.00528482406, 0.999986035, 1.03334759e-05, 
            -0.000151580743, -1.11347088e-05, 0.999999988 ]
  - 
    time: 2.01666667
    refer: 
      type: Pose
      name: ""
      joints: [ 
        8, 9, 10, 11, 12, 13, 14, 15, 16, 17, 
        18, 19 ]
      q: [ 
        0.523598776, -1.49300484e-05, -8.65325562e-07, -2.23374521e-05, -8.69330935e-07, -1.4992846e-05, 0.523598776, -7.65207576e-06, 8.44903333e-07, -5.20092882e-06, 
        8.27322779e-07, -7.58511409e-06 ]
      ikLinks: 
        - 
          name: Lankle_to_Lfoot
          index: 13
          translation: [ 0.000172331469, 0.0300096726, 0.0484101301 ]
          rotation: [ 
            0.86865574, -0.495416179, 0.000119350937, 
            0.495416182, 0.868655747, 9.1448323e-06, 
            -0.000108205375, 5.11846745e-05, 0.999999993 ]
        - 
          name: Rankle_to_Rfoot
          index: 19
          translation: [ -0.000146808476, -0.029988953, 0.048409533 ]
          rotation: [ 
            0.868655737, -0.495416177, 0.00014447162, 
            0.495416182, 0.868655747, 6.56554636e-06, 
            -0.000128748781, 6.58703789e-05, 0.99999999 ]
