# Body pose sequence format version 1.0 defined by cnoid-Robotics

type: PoseSeq
name: "samplemotion"
targetBody: "KHR-3HV"
refs: 
  - 
    time: 0
    refer: 
      type: Pose
      name: ""
      joints: [ 
        0, 1, 2, 3, 4, 5, 6, 7, 8, 9, 
        10, 11, 12, 13, 14, 15, 16, 17, 18, 19 ]
      q: [ 
        0, 0, 0, 0, 0, 0, 0, 0, 6.8e-05, 0.000432, 
        -0.469454, 1.65615, -1.186002, -0.000407, 6.8e-05, 0.000437, -0.472107, 1.656079, -1.183279, -0.000411 ]
      ikLinks: 
        - 
          name: base_link_to_body_2
          index: 7
          translation: [ 5.75356823e-06, 1.85558329e-05, 0.319360752 ]
          rotation: [ 
            0.999985932, 0.00530422993, 4.7317361e-06, 
            -0.00530423004, 0.999985932, 2.49257995e-05, 
            -4.59945736e-06, -2.4950547e-05, 1 ]
        - 
          name: Lankle_to_Lfoot
          index: 13
          translation: [ -1.95144382e-07, 0.0300999037, 0.0617001565 ]
          rotation: [ 
            0.999986048, 0.00523594853, 0.000698591202, 
            -0.00523594722, 0.999986292, -3.70770349e-06, 
            -0.00069860104, 4.98650944e-08, 0.999999756 ]
        - 
          name: Rankle_to_Rfoot
          index: 19
          translation: [ -7.74216076e-08, -0.0298999079, 0.0617001555 ]
          rotation: [ 
            0.999986049, 0.00523594617, 0.000697585979, 
            -0.00523594417, 0.999986292, -4.70245263e-06, 
            -0.000697601039, 1.04986578e-06, 0.999999757 ]
  - 
    time: 1
    refer: 
      type: Pose
      name: ""
      joints: [ 
        0, 1, 2, 3, 4, 5, 6, 7, 8, 9, 
        10, 11, 12, 13, 14, 15, 16, 17, 18, 19 ]
      q: [ 
        0, 0, 0, 0, 0, 0, 0, 0, 6.8e-05, 0.000432, 
        -0.469454, 1.65615, -1.186002, -0.000407, 6.8e-05, 0.000437, -0.472107, 1.656079, -1.183279, -0.000411 ]
      ikLinks: 
        - 
          name: base_link_to_body_2
          index: 7
          translation: [ 5.75356823e-06, 1.85558329e-05, 0.319360752 ]
          rotation: [ 
            0.999985932, 0.00530422993, 4.7317361e-06, 
            -0.00530423004, 0.999985932, 2.49257995e-05, 
            -4.59945736e-06, -2.4950547e-05, 1 ]
        - 
          name: Lankle_to_Lfoot
          index: 13
          translation: [ -1.95144382e-07, 0.0300999037, 0.0617001565 ]
          rotation: [ 
            0.999986048, 0.00523594853, 0.000698591202, 
            -0.00523594722, 0.999986292, -3.70770349e-06, 
            -0.00069860104, 4.98650944e-08, 0.999999756 ]
        - 
          name: Rankle_to_Rfoot
          index: 19
          translation: [ -7.74216076e-08, -0.0298999079, 0.0617001555 ]
          rotation: [ 
            0.999986049, 0.00523594617, 0.000697585979, 
            -0.00523594417, 0.999986292, -4.70245263e-06, 
            -0.000697601039, 1.04986578e-06, 0.999999757 ]
  - 
    time: 2.00833333
    refer: 
      type: Pose
      name: ""
      joints: [ 
        0, 1, 2, 3, 4, 5, 6, 7, 8, 9, 
        10, 11, 12, 13, 14, 15, 16, 17, 18, 19 ]
      q: [ 
        0, 0, 0, 0, 0, 0, 0, 0, 0.523598776, 0.000432, 
        -0.469454, 1.65615, -1.186002, -0.000407, 0.523598776, 0.000437, -0.472107, 1.656079, -1.183279, -0.000411 ]
      ikLinks: 
        - 
          name: base_link_to_body_2
          index: 7
          translation: [ 5.75356823e-06, 1.85558329e-05, 0.319360752 ]
          rotation: [ 
            0.999985932, 0.00530422993, 4.7317361e-06, 
            -0.00530423004, 0.999985932, 2.49257995e-05, 
            -4.59945736e-06, -2.4950547e-05, 1 ]
        - 
          name: Lankle_to_Lfoot
          index: 13
          translation: [ -2.23390511e-05, 0.0300061726, 0.0617001589 ]
          rotation: [ 
            0.868664975, -0.495399613, 0.000619970312, 
            0.495399492, 0.868665196, 0.000347016356, 
            -0.000710458402, 5.69202377e-06, 0.999999748 ]
        - 
          name: Rankle_to_Rfoot
          index: 19
          translation: [ -6.45364283e-05, -0.0298343842, 0.0617001541 ]
          rotation: [ 
            0.868664974, -0.495399615, 0.000619597045, 
            0.495399495, 0.868665195, 0.000345652292, 
            -0.0007094584, 6.69202448e-06, 0.999999748 ]
  - 
    time: 3.008
    refer: 
      type: Pose
      name: ""
      joints: [ 
        8, 9, 10, 11, 12, 13, 14, 15, 16, 17, 
        18, 19 ]
      q: [ 
        0.523598776, 0.000432, -0.469454, 1.65615, -1.186002, -0.000407, 0.523598776, 0.000437, -0.472107, 1.656079, 
        -1.183279, -0.000411 ]
      ikLinks: 
        - 
          name: Lankle_to_Lfoot
          index: 13
          translation: [ -2.23390511e-05, 0.0300061726, 0.0617001589 ]
          rotation: [ 
            0.868664975, -0.495399613, 0.000619970312, 
            0.495399492, 0.868665196, 0.000347016356, 
            -0.000710458402, 5.69202377e-06, 0.999999748 ]
        - 
          name: Rankle_to_Rfoot
          index: 19
          translation: [ -6.45364283e-05, -0.0298343842, 0.0617001541 ]
          rotation: [ 
            0.868664974, -0.495399615, 0.000619597045, 
            0.495399495, 0.868665195, 0.000345652292, 
            -0.0007094584, 6.69202448e-06, 0.999999748 ]
